[23,73] [57,91]|(1 [-1,20,83] [-24,97,73]);(2 [-12,-54,-71] [49,-66,-91]);(3 [84,52,56] [-19,73,73]);(4 [-82,93,-33] [19,20,-40]);(5 [68,-99,-17] [-82,-41,21]);(6 [25,-18,95] [80,94,-73]);(7 [29,-72,38] [-76,-20,-27]);(8 [-68,-68,84] [-86,-82,-47]);(9 [84,73,-24] [46,-26,64]);(10 [71,41,19] [-15,-22,30])
[64,14] [88,70]|(1 [-21,92,25] [-85,-27,-12]);(2 [41,-71,-84] [12,-36,8]);(3 [-17,35,-22] [20,50,-63]);(4 [-82,-11,6] [5,1,87]);(5 [8,-44,-49] [75,-65,41])
[0,0] [1,0]|(1 [2,3,5] [42,61,10]);(2 [5,6,6] [12,3,7]);(3 [51,51,51] [101,101,101])
[29,9] [1,99]|(1 [46,-42,74] [-39,-69,-90]);(2 [79,15,-84] [-76,-23,-33]);(3 [31,62,15] [-25,-99,5]);(4 [80,-23,47] [-74,-9,-72]);(5 [-20,51,14] [39,-68,12]);(6 [78,-71,-54] [44,81,-34]);(7 [37,-1,-84] [-70,-66,49]);(8 [-47,-25,-98] [-67,4,-83]);(9 [-98,-96,74] [-68,-15,58]);(10 [-13,57,77] [81,65,39]);(11 [72,-8,1] [87,19,-41]);(12 [-67,70,-65] [36,80,-43]);(13 [-64,-88,15] [27,-81,81]);(14 [76,-25,1] [17,34,-54])
[74,51] [54,3]|(1 [3,-71,-51] [-90,-60,-18]);(2 [87,-93,46] [24,54,2]);(3 [-83,-38,15] [45,90,-82]);(4 [22,48,-66] [73,-38,49]);(5 [-90,-5,41] [97,-89,78]);(6 [-28,86,-3] [-58,-12,-6]);(7 [7,34,-14] [-79,57,-86]);(8 [-87,37,64] [-26,12,-88])
[24,57] [78,41]|(1 [26,42,-98] [70,-67,-90]);(2 [-45,44,51] [93,36,84]);(3 [80,24,63] [85,74,72]);(4 [22,-17,92] [21,91,-100]);(5 [-21,-96,-37] [58,36,29]);(6 [2,58,60] [50,8,26]);(7 [23,84,-4] [69,23,-25]);(8 [-48,-3,-28] [-35,41,99]);(9 [-34,1,-55] [-54,85,-60]);(10 [99,70,-13] [-67,47,-62]);(11 [12,-34,60] [-77,-12,-76])
[5,42] [83,35]|(1 [-12,48,13] [72,80,-72]);(2 [9,13,-53] [-98,6,46]);(3 [88,72,57] [-36,-76,28]);(4 [95,-26,69] [2,68,7]);(5 [72,9,-88] [52,66,-36]);(6 [-17,-15,-81] [55,-44,-61])
[39,99] [88,77]|(1 [21,-12,-38] [88,-66,-99]);(2 [83,97,-78] [-71,-82,-27]);(3 [-15,68,-43] [-13,61,-81]);(4 [59,1,-19] [-7,48,74]);(5 [55,-60,24] [87,-4,35]);(6 [-65,-63,41] [49,-15,-13]);(7 [89,60,70] [9,-82,64]);(8 [60,76,19] [61,57,59]);(9 [20,22,-69] [-85,76,-58]);(10 [-21,18,84] [-67,97,-37]);(11 [-55,-3,59] [-86,-86,-95]);(12 [-88,-76,-90] [-82,38,33]);(13 [37,-34,-47] [62,99,-63]);(14 [79,86,92] [-81,86,-69]);(15 [69,80,-84] [-52,-38,18])
[91,18] [100,34]|(1 [-79,-10,-2] [-51,50,-99]);(2 [69,64,-33] [41,89,-95]);(3 [35,50,-81] [-54,-19,60]);(4 [-50,-48,-20] [67,-12,25]);(5 [17,-90,22] [-39,100,-45]);(6 [-62,91,76] [-24,7,92])
[0,0] [1,1]|(1 [1,2,3] [2,3,4]);(2 [0,0,0] [100,100,100])
[63,75] [27,97]|(1 [-83,-55,-82] [7,74,-16]);(2 [32,83,-36] [80,68,35]);(3 [-34,-96,81] [12,65,84]);(4 [-30,44,-59] [98,97,-68]);(5 [11,-98,-93] [-56,63,15]);(6 [14,-59,90] [75,12,-85])
[37,24] [5,8]|(1 [72,-34,63] [70,-97,59]);(2 [14,-2,35] [13,70,44]);(3 [-14,-17,75] [-50,61,-62]);(4 [60,52,-6] [36,-34,-11]);(5 [74,72,70] [51,-10,-42])
[68,69] [49,73]|(1 [40,45,84] [93,-8,92]);(2 [-73,-49,82] [87,-42,99]);(3 [-52,-8,55] [-77,-38,-6]);(4 [-41,7,-56] [-28,34,71]);(5 [-11,-92,-19] [23,77,-31])
[89,86] [52,70]|(1 [-8,-38,12] [65,70,-78]);(2 [-2,-45,-57] [41,88,82]);(3 [-31,-16,-4] [-95,-68,-43]);(4 [-27,-38,-33] [-35,-84,-28]);(5 [69,83,57] [36,30,-72]);(6 [-10,61,66] [62,-48,49]);(7 [-14,-92,-7] [-30,-43,-9])
[25,6] [93,25]|(1 [66,93,43] [-39,37,76]);(2 [-78,-44,80] [-47,-98,63]);(3 [-1,-49,92] [9,-6,46]);(4 [-2,-37,86] [81,28,13]);(5 [56,29,63] [-6,-67,-57]);(6 [36,-78,59] [44,42,47])
[43,46] [47,3]|(1 [46,-2,84] [8,-73,-48]);(2 [68,52,-80] [-54,-51,4]);(3 [-54,-19,5] [99,42,74]);(4 [45,39,30] [41,80,-84]);(5 [-39,-18,-74] [28,-53,-53]);(6 [-92,-40,24] [58,45,1]);(7 [-81,28,26] [-86,-57,-22]);(8 [44,94,92] [-80,-97,96]);(9 [-27,40,84] [18,-65,-34]);(10 [-6,34,71] [-27,39,-88]);(11 [52,59,72] [51,36,-38]);(12 [89,60,88] [68,-51,-74]);(13 [55,-39,97] [53,-34,98]);(14 [-54,19,-16] [-43,-84,-20]);(15 [-90,100,-33] [97,-80,-74])
[75,78] [9,24]|(1 [-30,-59,77] [47,93,53]);(2 [5,92,-12] [-79,8,79]);(3 [85,-84,42] [97,58,55]);(4 [49,-1,-74] [-35,-18,75]);(5 [50,-74,-18] [-81,-2,-36]);(6 [-71,-76,39] [-86,-82,57]);(7 [-84,20,12] [3,-69,35]);(8 [11,80,47] [-96,-52,78]);(9 [53,16,67] [-29,-91,-91]);(10 [-68,22,67] [-40,-26,45]);(11 [65,-97,63] [12,-87,-56])
[46,39] [95,21]|(1 [-75,4,18] [64,17,-20]);(2 [-42,58,-74] [-80,35,70]);(3 [-18,58,37] [30,-27,29]);(4 [17,-3,93] [-57,-40,-62]);(5 [-83,-19,-15] [-11,-11,8]);(6 [3,34,86] [65,-38,-51]);(7 [59,-8,23] [87,-73,40])
[0,0] [100,100]|(1 [2,3,5] [42,61,10]);(3 [5,6,6] [12,3,7]);(2 [3,2,1] [12,6,7])
[88,57] [87,48]|(1 [-76,8,-96] [62,-48,-84]);(2 [85,90,-53] [61,76,79]);(3 [-68,-3,-8] [-78,83,-47]);(4 [44,-39,0] [-29,83,-72]);(5 [-94,-70,-18] [69,-83,69]);(6 [0,62,94] [-1,84,-26]);(7 [77,-68,-60] [-49,-4,63]);(8 [-29,-60,14] [23,-70,-46]);(9 [-91,56,-86] [-50,-44,54]);(10 [-80,-5,39] [78,-1,48]);(11 [-57,31,-5] [84,45,54])