0
45 45 45 81 81 81 81 81 81 81 81 69 69 69 69 69 69
94 94 30 30 30 30 7 7 7 23 76 76 11 0 0 0 9 9 17 17 17 17 17 17 17 17 65 65 65 65 65 65 65 65 65 65 67 67 77 77 77 77 77 77 77 77 65 65 65 68 68 68 68 68 68 68 68 7 7 7
1 1 1 1 1 1 1 1 1 1 31 31 31 31 31 31 31 31 31 31 11 11 11 11 11 11 11 11 11 51 51 51 51 51 51 51 62 62 62 62 62 62 70 70 70 70 70 83 57 57 57 57 57 57 57 57 57 57 2 2 2 2 2 2 2 2 2 94 94 94 94 94 94 80 80 80 73 73 26 26 26 26 12 12 12 12 12 12 93 93 93 93 93 93 93
29 29 29 29 29 29 99 99 99 99 99 99 76 76 76 76 76 98 98 98 98 98 98 82 82 82 82 82 82 82 82 82 85 85 85 85 85 85 85 40 40 40 40 40 40 40 40 40 40 70 70 70 70 70 70 70 70 98 98 98 98 98 98
98 98 93 93 93 93 77 77 77 77 77 77 24 24 24 24 24 24 24 67 67 67 67 67 67 67
5 5 5 5 5
4 4 4 4
40 40 40 40 29 29 29 29 29 29 29 29 57 57 92 92 92 92 92 86 86 86 86 86 86 86 86 86 86
2 4 4 4 6 6 6 6 6 8 8 8 8 8 8 8 10 10 10 10 10 10 10 10 10
2 2 2 2 2 2 2 2 2 96 96 27 27 27 27 27 27 27 11 11 11 11 11 11 11 11 11 29 29 29 29 44 87 87 87 87 87 87 87 70 70 70 70 70 70 70 70 81 81 81 81 81 18 17 17 17 17 17 17 17 44 44 44 44 44 44 44 44 44 11 11 11 11 11 11 11 11 68 68 63 63 63 52 5 5 5 5
10 10 10 10 10 10 10 10 10 10
85 85 85 85 85 85 85 85 42 42 42 42 42 42 42 42 63 63 63 63 63
9 9 9 9 9 9 9 9 9
99 99 99 99 99 99 99 99 40 40 40 40 40 40 40 40 53 53 53 53 53 60 60 60 60 60 60 60 17 17 17 17 17 67 67 21 21 21 19 19 19 19 85 85 85 85 85 85 85 85 60 60 69 69 69 69 3 3 3 3 33 33 33 33 33 33 20 20 20 38 38 38 38 38 38 38 38 43 43 43 43 43 43 86 86 86 86 86
0
26 26 26 26 26 26 26 26 26 26 32 32 32 32 32 32 33 33 33 33 49 49
99 99 99 99 99 7 7 7 7 95 95 95 95 76 76 76 76 76 44 44 44 44 44 44 44 44
53 53 53 53 53 53 53 23 23 23 23 23 23 23 23 50 50 50 50 50 50 50 50 71 71 71 71 71 71 71 71 71 24 24 24 24 24 76 76 76 96 96 96 98 98 98 98 98 98 98 51 51 51 51 90 90 90 90 90 90 90 90 90 85 85 85 85 85 16 16 16 16 16 5 5 65 55 55 55 87 87 87 87 87 87 87 78 65 65 65 65 47 47 47 47 47 47 47 47 36 36 36 36 36 36 50 50 50 50 50 50 50 50
66 66 66 78 78 78 78 78 51 51 51 51 51 82 82 82 82 82 2 2 2 2 2 2
39 39 39 39 39 53 53 53 53 53 53 53 53 53 53 17 17 17 17 17 17 17 75 75 75 75 75 75 75 75 75 18 18 18 18 18 18 18 18 18 18 86 86 86 86 86 24 24 24 24 24 24 24 24 24 24 24 24 33 33 33 33 33 33 28 28 5 5 5 5 19 19
1 0
90 90 90 83 83 83 83 83 47 47 47 47 47 47 47 9 9 9 9 9 9 9 9 9 74 74 74 54 70 70 70 70 70 79 79 79 79 79 79 79 79 79 79 63 63 63 63 70 70 70 70 70 70 70 70 70 93 93 93 32 32 32 32 32 32 31 31 31 31 31 31 31 75 75 75 75 75 75 75 75 75 30 30 52 52 52 71 71 71 71 71 64 64 64 64 99 99 99 99 99 99 99 99 99 99
66 66 84 84 27 27 27 27 27 27 27 27 27 27
32 61 61 61 61 21 21 18 18 18 42 42 81 81 81 81 72 72 72 72 72 72 72 72 72 72 83 83 83 83 83 9 9 9 9 9 9 9 9 9 53 53 53 53 53 1 1 1 1 1 53 53 53 53 53 53 53 31 31 31 31 31 31 31 31 31 31 17 99 99 99 99 99 99 99 99 79 79 79 79 79 79 79 54 54 54 33 33 33 33 33 33 33 33 33 33 19 19 19 85 85 81 81 81 81
67 67 67 67 67 67 22 22 22 22 22 22 22 22 22 22 77 77 77 77 77 41 41 41 41 7 7 7 7 7 7 7 7 7 0 0 0 12 12 12 12 12
70 70 70 70 70 82 82 82 3 3 3 3 3 3 3 3 26 26 26 26 26 26 26 26 87 87 87 87 16 16 16 16 16 16 16 16 19 19 7 7 7 7 7 7 7 7 6 6 6 6 6 6 6 6 6 6 31 31 93 93 53 53 53 53 53 53 53 53 52 52 52 52 33 33 33 33 33 89 89 89 89 89 93 93 53 53 53 85 85 85 56 56 56 56 56 56 56 80 80 80 80 80 80 80 80 80
1 1 3 3 3 2 2 2 2 14 14 14 11 11 11 2
43 43 43 43 43 43 43 43 43 43 41 41 41 4 4 4 4 4 88 88 88 41 24 24 24 24 24 24 24 30 30 93 93 93 93 40 40 40 40 40 98 98 98 17 87 87 87 87 87 87 87 87 87 60 58 58 58 58 58 58 58 41 41 41 41 41 41 41 41 41 39 39 39 39 39 39 39 39 39
73 73 73 73 41 41 41 41 41 41 41 41 41 41
56 56 56 50 50 50 90 90 90 90 90 59 59 59 59 59 54 11 11 11 11 11 11 11 11 11 9 9 9 9 9 9 46 46 46 46 46 46 46 74 74 74 74 74 74 74 79 79 79 79 79 37 37 37 37 37 37 37 37 37 19 19 17 17 17 17 17 63 63 63 63 63 63 63 63 63 36
3
24 24 24 24 24 24 24 24 74 74 74 74 74 74 34 34 34 34 34 34 14 14 14 14 14 14 14 14 14 14 65 65 65 65 65 65 65 65 65 64 64 96 96 96 96 96 96 96 96 96 96 41 41 45 45 45 45 45
87 86 86 89 34 34 34 34 34 34 34 34 52 52 52 52 31 31 31 31 31 31 31 20 20 20 20 20 20 20 20 20 20 10 10 10 10 10 43 43 43 43 43 43 43 27 27 27 27 96 96 96 29 29 29 29 25 25 36 36 36 36 36 36 36 72 72 72 72 72 72 72 72 14 14 14 14 14 63 63 63 63 63 63 99 99 99 35 3 3
68 68 68 68 68 68 68 68 68 68 46 46 46 46 46 56 69 69 69 69 69 69 69 69 69 69 68 68 2 2 2 2 2 2 2 2 54 54 54 54 54 54 54 35 35 35 35 35 35 35 35 35 88 88 88 88 88 88 88 88 44 44 44 44 44 44 44 44 44 44 65 65 64 64 64 64 64 64 64 41 41 41 41 41 41 41 67 67 67 67 67 67 10 10 10 10 10 10 10 10 35 35 35 56 56 56 56 56 56 56 56 56 56 10 10 10 10 10 10 10 10 10 10 80 80 80 80
10 10 10 10 10 10 10 10 10 10
80 80 80 80 80 80 80 80 80 80 96 96 96 96 96 96 96 96 7 7 7 26 26 26 26 26 26 45 45 45 45 45 45 45 9 17 17 17 17 17 17 17 50 50 3 3 3 91 91 91 91 91 91 91 91 91 91 11 11 11 11 11 11 11 11 11 11
1
68 68 68 68 68 68 68 68 68 68 16 16 16 16 16 81 81 81 81 81 81 81 81 81 81 81 81 81 81 81 81 74 74 74 74 58 58 58 58 69 69 69 69 69 69 69 69 69 69 51 51 0 0 0 0 0
4 4 4 4
27 27 27 27 27 27 27 38 38 38 38 38 38 20 20 64 64 64 64 64 64 64 64 64 64 13 37 37 37 37 37 37 27 27 27 27 27 27 27 27 27 8 8 8 8 8 8 8 8
33 33 33 33 33 33 33 33 33 33 14 14 14 14 14 68 68 89 89 89 89 89 89 89 89 89 56 56 71 71 71 71 71 71 71 82 82 82 72 72 72 13 13 13 13 13 13 13 26 26 26 45 45 45 45 69 69 69 69 69 69 94 94 94 94 94 94 94 94 94 94 6 6 14 14 14 14 14 14 14 14 14 14 14 14 14
24 24 24 24 24 24 30 30 30 17 17 17 17 17 17 17 17 17 45 45 45 45 45 45 45 45 45 8 8 8 8 8 8 16 16 16 16 16 16 16 17 17 17 17 17 17 17 17 17 17 92 92 92 92 92 92 92 92 92 66
2 2
59 59 59 59 59 59 59 59 59 59 82 82 82 82 82 82 82 82 80 80 80 80 80 80 80 80 80 80 11 11 11 14 14 14 14 14 14 14 88 88 88 88 88 88 37 37 37 83 83 83 83 83 1 1 1 6 6 6
29 82 82 82 82 82 82 82 82 45 66 66 66 66 66 66 66 68 68 68 68 68 68 47 47 47 47 47 47 47 47 47 47 38 38 38 38 85 15 15 15 15 15 14 14 14 14 14 14 14 14 14 21 21 21 21 21 21 21 21 21 21 21 21 21 21 76 76 76 76 38 38 38 38 38 38 38 38 65 65 65 65 84 84 84 84 84 84 84 84 84 84 59 59 59 59 59 48 48 48 48 16 16 16 16
86 86 86 86 86 86 86 86 86 32 32 32 32 32 32 32 32 32 32 32 32 32 40 40 17 17 17 17 60 60 60 60 60 60 60 60 60 12 12 12 12 12 12 12 12 12 76 76 76 76 76 76 76 76 76 82 82 82 82 82 82 82 82 82 50 50 50 50 50 50 54 54 54 54 54 54 54 54 54 54 76 76 76 76 76 20 20 20 20 37 37 37 37
85 85 85 30 30 30 30 30 30 84 84 84 84 84 84 85 85 85 65 65 65 24 24 24 24 24 24 24 24 24 24 16 16 16 16 16 16 16 16 35 35 35 35 6 6 6 6 6 6 6 6 6 6 16 16 16 16 16 16 16 16 16 11 11 11 11 75 75 75 75 75 75 75 75 75 75 54 54 54 54 54 54 54 54
45 45 45 45 45 45 20 20 20 20 20 20 20 20 20 55 55 55 55 55 55 55 55 55 55 78 78 78 61 61 61 61 61 61 61 61 61 61 56 56 56 31 31 31 31 31 31 31 31 31 53 53 53 74 74 74 74 74 18 18 18 50 50 50 50 50 50
10 20 20 20 20 20 20 20 20 20 87 87 87 87 87 54 54 54 54 54 54 85 85 85 85 85 85 85