1 2 3 1 2 3 1 2 3 1 2 3 1 2 3 1 2 3 1 2 3
0 3 2 1 2 1 2 1
9 3 0 4 5 8 1 10 7 6 2 49 90 68 49 90 68 49 90 68 49 90 68
12 7 4 13 0 11 15 14 8 9 19 16 17 2 3 6 20 5 18 1 33 28 10 60 33 28 10 60 33 28 10 60 33 28 10 60
18 19 5 15 0 22 30 10 27 7 12 26 29 3 20 28 21 25 31 9 11 24 23 1 17 16 4 2 14 8 32 90 54 39 59 13 6 99 32 90 54 39 59 13 6 99 32 90 54 39 59 13 6 99 32 90 54 39 59 13 6 99
1 24 9 5 13 16 2 20 10 12 14 11 25 7 22 0 15 6 3 23 17 18 4 21 8 79 56 19 91 79 56 19 91 79 56 19 91 79 56 19 91
9 36 37 13 24 44 46 20 5 28 12 35 6 23 8 38 15 2 18 3 16 40 32 42 30 0 25 43 47 45 34 11 4 7 26 29 39 27 19 10 17 41 31 21 33 82 88 62 1 22 75 14 83 95 33 82 88 62 1 22 75 14 83 95 33 82 88 62 1 22 75 14 83 95 33 82 88 62 1 22 75 14 83 95
37 38 11 31 6 20 33 3 5 35 28 18 8 9 34 27 2 12 19 17 40 1 7 4 39 24 13 0 23 36 32 30 29 26 15 16 10 25 21 22 14 56 72 90 22 14 56 72 90 22 14 56 72 90 22 14 56 72 90
3 27 12 32 28 14 10 9 38 11 18 17 19 5 31 26 24 33 4 7 39 30 0 41 42 25 13 6 8 22 29 37 35 23 1 16 34 36 15 20 21 2 40 98 98 98 98
4 56 56 56 56 56 56 56 56 56 56
30 0 29 7 17 11 20 25 4 9 2 31 8 24 14 21 12 22 27 5 26 1 15 28 13 6 16 10 3 23 19 18 97 70 97 70 97 70 97 70
8 15 13 0 2 11 3 5 7 12 10 9 14 6 1 16 88 46 43 61 20 4 59 17 88 46 43 61 20 4 59 17 88 46 43 61 20 4 59 17 88 46 43 61 20 4 59 17
13 21 8 25 32 7 1 26 34 6 24 29 20 11 10 14 2 22 33 12 5 15 23 30 36 35 28 17 4 19 37 27 9 92 16 0 87 97 3 18 69 31 92 16 0 87 97 3 18 69 31 92 16 0 87 97 3 18 69 31 92 16 0 87 97 3 18 69 31
30 37 8 16 21 5 26 29 2 36 33 39 10 7 27 15 3 40 22 4 23 38 0 1 20 14 9 24 17 6 32 35 11 18 31 13 19 34 12 28 79 25 28 79 25 28 79 25 28 79 25
2 5 1 0 8 9 7 4 6 87 56 79 36 80 55 15 3 87 56 79 36 80 55 15 3 87 56 79 36 80 55 15 3 87 56 79 36 80 55 15 3
0 34 15 4 30 21 5 16 24 26 27 10 17 23 41 29 6 3 13 28 38 12 33 39 37 35 2 14 1 19 42 22 40 20 44 18 43 32 36 25 31 9 8 90 52 7 70 11 9 8 90 52 7 70 11 9 8 90 52 7 70 11 9 8 90 52 7 70 11
18 3 5 2 26 17 22 16 39 42 10 15 29 13 32 0 38 35 9 43 24 30 8 34 4 23 1 27 41 40 6 21 7 11 33 37 31 19 12 25 36 20 28 14 14 14 14
11 18 0 9 10 14 17 4 6 5 12 15 16 1 3 2 13 7 8 76 76 76 76
27 1 20 21 0 10 35 30 23 7 17 2 34 9 22 16 24 4 25 14 5 11 32 33 19 31 3 29 26 28 13 18 92 54 6 12 15 8 92 54 6 12 15 8 92 54 6 12 15 8 92 54 6 12 15 8
49 30 9 33 14 46 12 3 32 28 41 24 7 47 1 26 38 18 48 10 21 27 2 34 0 45 29 6 16 35 22 40 4 17 39 19 23 20 37 8 11 5 36 42 44 25 31 43 13 84 66 51 90 15 53 13 84 66 51 90 15 53 13 84 66 51 90 15 53 13 84 66 51 90 15 53