2
4,6
2,8
3
1,2,3
4,5,6
7,8,9
4
126,273,390,159
0,28,490,472
84,106,411,452
278,344,367,455
10
242,17,102,429,344,415,282,141,298,90
185,372,75,190,481,57,182,454,51,352
44,36,49,475,281,408,466,278,163,5
196,55,9,415,103,35,444,282,482,263
234,398,73,401,212,134,333,64,282,460
116,52,238,368,306,475,185,115,150,284
159,143,159,329,198,399,8,23,328,343
392,88,422,150,412,260,438,289,13,171
159,375,457,89,145,308,381,438,485,152
38,330,4,192,218,469,410,287,310,162
10
212,459,261,315,31,104,383,144,425,408
396,93,425,394,129,76,343,194,210,136
36,402,458,124,216,286,316,326,354,237
270,184,240,184,221,228,488,426,480,103
332,69,96,215,177,445,429,100,300,273
256,337,435,382,256,492,302,397,171,142
173,174,3,199,345,107,66,39,493,155
475,58,208,362,475,169,160,26,413,447
44,355,439,38,451,195,444,2,85,207
42,291,327,220,388,403,287,365,232,361
7
484,181,447,334,117,72,360
251,183,433,196,89,135,494
374,56,242,192,104,474,307
458,228,340,369,347,239,12
325,122,479,237,21,68,229
471,325,319,96,402,265,117
62,99,13,416,314,51,439
7
306,161,68,253,5,97,151
225,195,186,83,500,447,323
49,486,305,180,218,106,487
470,404,34,263,30,284,125
190,210,356,182,216,180,448
461,67,411,305,70,43,393
490,240,50,450,118,389,52
9
37,73,145,183,386,231,378,206,44
8,369,40,291,80,332,275,319,120
356,212,471,286,12,348,494,256,162
101,444,252,7,263,55,189,222,100
23,486,255,234,460,30,227,220,207
170,369,36,408,421,370,389,163,21
446,166,195,350,413,67,182,473,131
232,490,429,98,157,116,64,253,404
338,300,49,341,347,281,446,249,347
4
473,145,451,478
109,441,52,421
183,39,308,120
290,427,253,498
6
399,169,491,256,435,421
148,385,167,416,212,109
441,64,309,382,196,183
393,107,13,69,184,270
379,108,234,261,404,471
6,360,409,296,347,315
6
273,410,357,159,284,450
456,478,430,19,148,414
130,214,391,12,73,65
387,355,346,239,378,210
187,126,102,252,436,351
337,350,462,178,133,223
7
435,372,160,448,79,395,118
171,109,477,86,486,102,414
283,191,183,209,259,475,392
220,268,256,163,73,58,240
351,266,181,1,71,353,401
187,70,204,102,449,15,330
208,362,248,130,457,327,240
7
446,82,139,172,419,315,204
121,377,192,119,230,199,85
248,68,18,433,317,230,134
369,54,112,24,318,323,363
390,205,279,395,448,128,20
186,41,410,434,11,342,21
438,458,7,224,17,147,67
4
182,342,78,269
65,473,359,249
258,454,53,63
498,293,353,486
7
498,351,244,189,416,263,364
230,429,54,60,443,110,370
132,462,182,76,429,313,46
292,182,329,229,325,321,18
55,258,76,284,200,144,338
498,106,310,389,129,31,130
268,498,332,434,88,33,375
2
433,257
432,66
10
138,455,228,402,104,83,271,122,428,448
145,79,346,317,88,394,489,429,444,197
500,29,73,45,326,246,58,143,151,270
25,159,288,178,477,173,263,395,61,32
81,303,90,193,394,291,500,135,183,373
347,43,75,445,117,135,482,283,302,101
251,435,112,487,435,169,428,265,418,415
5,112,220,267,271,134,95,14,46,118
252,28,36,178,317,405,497,247,451,251
382,85,172,181,214,192,0,103,156,147
5
356,19,375,170,159
488,82,385,436,396
241,178,327,392,186
365,71,152,184,25
353,379,96,36,333
6
176,137,66,340,36,324
34,299,299,122,462,130
38,472,134,477,273,240
458,316,495,397,6,247
127,46,136,479,272,4
247,19,419,421,184,54
10
80,115,6,388,277,303,367,247,81,473
495,342,447,76,307,225,256,263,356,40
329,361,356,27,88,458,349,288,175,376
316,302,147,482,469,331,475,428,322,218
163,280,233,282,482,107,274,396,48,152
124,191,84,13,374,172,273,335,144,26
282,160,126,256,326,160,277,430,228,226
0,377,312,263,441,96,383,216,16,365
173,476,328,104,378,175,117,161,195,182
289,129,250,269,273,296,369,421,394,68
6
456,47,219,162,21,443
230,457,365,178,401,339
113,241,109,27,353,488
382,167,364,159,430,243
215,66,324,44,72,431
175,429,473,374,244,106
3
348,48,140
10,178,353
315,84,113
8
176,238,181,439,306,230,434,399
315,458,253,40,213,432,457,333
180,237,29,410,70,85,304,67
170,35,288,445,8,185,159,85
264,159,279,63,44,394,237,237
449,326,374,283,202,120,386,84
222,294,254,163,48,178,2,491
428,19,399,4,360,141,481,100
5
140,7,292,85,107
447,221,394,267,124
159,298,171,373,403
22,462,492,220,349
440,156,363,131,456
3
401,372,373
65,114,261
193,53,328
9
271,256,456,252,115,16,222,157,136
327,483,169,351,255,432,371,24,370
105,427,155,409,320,257,198,31,177
395,337,313,337,410,66,151,218,410
427,427,139,254,223,20,277,448,137
134,71,324,483,166,170,439,20,493
22,171,489,204,180,262,443,154,267
70,261,322,363,159,77,342,357,57
149,269,10,374,92,17,104,430,248
5
258,303,138,166,180
192,312,150,106,187
294,78,99,335,57
422,234,141,333,143
398,365,462,102,245
2
346,1
115,490
5
89,316,476,312,325
261,332,145,151,165
178,33,53,287,62
239,199,366,393,267
190,141,160,283,447
7
225,267,152,354,485,125,420
460,280,53,439,306,294,455
288,488,410,390,125,99,223
20,426,8,90,3,335,94
363,74,242,54,333,301,70
88,186,381,410,355,142,287
478,36,76,438,40,107,53
5
74,488,258,402,28
137,283,305,396,279
288,252,333,300,84
330,430,448,209,198
89,465,161,142,20
9
209,207,4,163,255,491,387,497,135
165,293,452,142,367,368,296,240,343
43,403,129,469,344,204,395,44,71
212,270,91,90,107,198,387,437,316
264,75,359,453,181,301,274,129,125
0,453,486,345,463,167,265,188,90
266,71,266,59,218,261,159,276,127
352,142,149,296,209,115,78,337,478
450,24,9,287,212,39,232,131,255
10
261,155,358,465,352,109,472,305,306,382
56,353,36,9,308,230,290,499,282,462
93,42,161,164,300,385,138,60,95,99
208,329,494,97,372,158,425,327,127,354
37,162,425,265,498,100,197,413,402,302
174,260,23,357,319,8,62,209,89,195
43,17,213,140,206,205,330,85,33,102
179,310,164,202,455,79,6,322,140,62
235,402,233,24,358,310,488,464,69,425
385,334,321,63,342,99,244,79,163,323
6
465,491,410,127,43,28
430,389,204,56,406,316
422,140,89,217,42,311
109,85,344,78,226,123
210,465,202,412,467,257
128,63,348,167,106,46
3
448,405,489
173,179,190
482,462,477
8
370,157,382,499,362,44,350,360
51,212,365,454,306,35,436,350
96,81,290,141,321,116,326,284
10,347,140,411,311,327,237,161
112,434,144,62,142,149,310,141
302,333,370,13,193,112,19,274
298,54,474,411,326,354,325,111
320,340,432,446,304,350,404,225
2
103,155
199,20
9
410,73,222,389,355,284,269,195,395
409,29,77,95,4,416,29,404,166
196,359,401,261,336,421,191,179,499
268,408,304,458,134,170,343,491,147
241,273,41,449,297,500,484,258,376
500,486,156,310,259,296,225,95,461
174,396,268,308,68,361,141,389,147
441,3,400,49,246,270,370,476,476
108,61,173,233,73,5,80,389,493
9
261,268,7,462,285,387,272,293,60
42,332,127,342,64,0,33,49,220
248,167,191,191,317,310,288,233,498
127,442,239,94,411,120,338,241,327
77,130,163,471,347,203,480,124,131
378,445,301,17,62,56,25,490,360
23,413,47,145,247,462,333,402,242
340,250,439,111,226,170,194,273,270
483,44,348,262,174,75,329,497,403
4
358,475,485,124
217,331,233,360
13,12,368,121
411,185,141,167
8
281,348,143,147,416,11,423,241
142,403,444,43,249,110,415,364
69,157,99,18,242,232,42,355
63,237,68,46,412,382,23,107
92,483,76,147,76,10,427,461
350,55,424,239,45,433,495,258
89,497,297,458,25,412,80,126
167,355,55,421,436,33,346,475
8
442,177,406,477,416,225,377,47
360,218,449,403,22,229,367,199
302,8,302,188,428,203,206,423
419,425,133,397,140,346,222,111
13,398,108,79,114,203,287,310
201,4,370,104,133,86,218,128
418,93,49,12,372,337,20,418
203,283,318,274,321,332,181,437
